@name
SELF-TEST DIAGNOSTIC

@description
READ A VALUE FROM IN.X AND WRITE THE VALUE TO OUT.X
READ A VALUE FROM IN.A AND WRITE THE VALUE TO OUT.A

@stream
STREAM_INPUT
IN.X
0
72
55
70
9
24
82
39
82
60
17
80
42
59
96
39
65
32
1
39
91
4
19
13
62
50
68
85
78
21
1
58
33
31
32
56
1
50
78
21
88
28
22
45
88
51
40
11
95
64
67
17
80
57
64
77
3
87
97
0
97
49
1
16
47
56
36
30
59
24
80
31
93
92
91
70
39
53
25
8
11
41
16
67
5
57
88
98
80
62
73
7
77
34
55
94
64
58
43
8
87

@stream
STREAM_INPUT
IN.A
3
70
86
11
61
75
61
62
90
17
26
5
10
2
47
23
91
63
35
6
30
11
93
45
7
85
57
59
34
25
38
71
65
47
87
29
94
34
49
57
46
65
40
92
80
4
86
65
61
46
95
24
57
30
7
1
36
13
0
26
67
36
84
71
49
8
70
61
26
40
65
31
22
47
67
27
44
32
69
75
25
65
47
48
69
75
1
29
85
40
77
61
88
21
1
8
82
83
40
97
89

@stream
STREAM_OUTPUT
OUT.X
0
72
55
70
9
24
82
39
82
60
17
80
42
59
96
39
65
32
1
39
91
4
19
13
62
50
68
85
78
21
1
58
33
31
32
56
1
50
78
21
88
28
22
45
88
51
40
11
95
64
67
17
80
57
64
77
3
87
97
0
97
49
1
16
47
56
36
30
59
24
80
31
93
92
91
70
39
53
25
8
11
41
16
67
5
57
88
98
80
62
73
7
77
34
55
94
64
58
43
8
87

@stream
STREAM_OUTPUT
OUT.A
3
70
86
11
61
75
61
62
90
17
26
5
10
2
47
23
91
63
35
6
30
11
93
45
7
85
57
59
34
25
38
71
65
47
87
29
94
34
49
57
46
65
40
92
80
4
86
65
61
46
95
24
57
30
7
1
36
13
0
26
67
36
84
71
49
8
70
61
26
40
65
31
22
47
67
27
44
32
69
75
25
65
47
48
69
75
1
29
85
40
77
61
88
21
1
8
82
83
40
97
89

@layout
TILE_COMPUTE
TILE_DAMAGED
TILE_COMPUTE
TILE_COMPUTE
TILE_COMPUTE
TILE_DAMAGED
TILE_COMPUTE
TILE_DAMAGED
TILE_COMPUTE
TILE_DAMAGED
TILE_COMPUTE
TILE_COMPUTE

