@name
SIGNAL AMPLIFIER

@description
READ A VALUE FROM IN.A
DOUBLE THE VALUE
WRITE THE VALUE TO OUT.A

@stream
STREAM_INPUT
IN.A
1
13
2
15
99
81
82
84
55
86
47
62
75
71
71
75
95
86
50
4
21
37
59
77
84
90
19
27
2
56
75
23
65
48
30
91
55
37
42
23
91
12
59
35
74
19
91
59
79
37
64
70
3
2
78
58
68
69
69
92
0
40
56
71
43
25
82
9
60
17
11
86
56
16
12
80
14
91
31
23
6
22
69
57
72
58
81
59
32
67
90
98
78
4
57
91
76
81
76
61
43

@stream
STREAM_OUTPUT
OUT.A
2
26
4
30
198
162
164
168
110
172
94
124
150
142
142
150
190
172
100
8
42
74
118
154
168
180
38
54
4
112
150
46
130
96
60
182
110
74
84
46
182
24
118
70
148
38
182
118
158
74
128
140
6
4
156
116
136
138
138
184
0
80
112
142
86
50
164
18
120
34
22
172
112
32
24
160
28
182
62
46
12
44
138
114
144
116
162
118
64
134
180
196
156
8
114
182
152
162
152
122
86

@layout
TILE_COMPUTE
TILE_COMPUTE
TILE_COMPUTE
TILE_DAMAGED
TILE_COMPUTE
TILE_COMPUTE
TILE_COMPUTE
TILE_COMPUTE
TILE_DAMAGED
TILE_COMPUTE
TILE_COMPUTE
TILE_COMPUTE

