@name
DIFFERENTIAL CONVERTER

@description
READ VALUES FROM IN.A AND IN.B
WRITE IN.A - IN.B TO OUT.P
WRITE IN.B - IN.A TO OUT.N

@stream
STREAM_INPUT
IN.A
1
62
79
34
29
86
85
61
26
72
17
77
90
6
18
47
69
5
53
15
99
50
57
43
49
11
0
27
46
52
13
94
79
16
88
0
14
94
13
75
58
23
36
6
94
47
68
4
87
50
16
19
71
88
91
24
53
78
30
27
37
91
46
27
20
24
74
94
79
1
96
11
7
52
7
20
27
20
65
12
55
60
60
32
81
19
27
84
31
84
78
4
58
95
9
68
79
12
46
41
75

@stream
STREAM_INPUT
IN.B
2
18
34
20
87
55
82
93
65
77
27
83
68
19
54
63
65
89
16
38
25
45
22
60
67
68
92
91
77
19
54
37
59
12
12
43
17
64
34
26
16
33
36
32
40
64
32
88
64
94
71
97
76
65
25
54
76
18
13
44
58
29
39
95
89
67
3
84
9
87
4
92
20
67
75
33
60
18
81
90
48
60
45
2
29
78
95
3
59
25
6
44
53
27
83
93
93
16
93
63
21

@stream
STREAM_OUTPUT
OUT.P
1
44
45
14
-58
31
3
-32
-39
-5
-10
-6
22
-13
-36
-16
4
-84
37
-23
74
5
35
-17
-18
-57
-92
-64
-31
33
-41
57
20
4
76
-43
-3
30
-21
49
42
-10
0
-26
54
-17
36
-84
23
-44
-55
-78
-5
23
66
-30
-23
60
17
-17
-21
62
7
-68
-69
-43
71
10
70
-86
92
-81
-13
-15
-68
-13
-33
2
-16
-78
7
0
15
30
52
-59
-68
81
-28
59
72
-40
5
68
-74
-25
-14
-4
-47
-22
54

@stream
STREAM_OUTPUT
OUT.N
2
-44
-45
-14
58
-31
-3
32
39
5
10
6
-22
13
36
16
-4
84
-37
23
-74
-5
-35
17
18
57
92
64
31
-33
41
-57
-20
-4
-76
43
3
-30
21
-49
-42
10
0
26
-54
17
-36
84
-23
44
55
78
5
-23
-66
30
23
-60
-17
17
21
-62
-7
68
69
43
-71
-10
-70
86
-92
81
13
15
68
13
33
-2
16
78
-7
0
-15
-30
-52
59
68
-81
28
-59
-72
40
-5
-68
74
25
14
4
47
22
-54

@layout
TILE_COMPUTE
TILE_COMPUTE
TILE_COMPUTE
TILE_COMPUTE
TILE_COMPUTE
TILE_COMPUTE
TILE_COMPUTE
TILE_DAMAGED
TILE_COMPUTE
TILE_COMPUTE
TILE_COMPUTE
TILE_COMPUTE

