@name
SIGNAL MULTIPLEXER

@description
READ VALUES FROM IN.A AND IN.B
READ A VALUE FROM IN.S
WRITE IN.A WHEN IN.S = -1
WRITE IN.B WHEN IN.S = 1
WHEN IN.A + IN.B WHEN IN.S = 0

@stream
STREAM_INPUT
IN.A
1
-13
-72
-11
-41
-97
-24
-40
-30
-5
-54
-81
-19
-75
-40
-97
-60
-45
-68
-26
-58
-69
-25
-41
-72
-76
-82
-98
-91
-67
-84
-35
-21
-72
-39
-68
-89
-4
-96
-58
-14
-81
-22
-81
-57
-52
-83
-92
-46
-77
-76
-67
-10
-7
-77
-92
-14
-22
-30
-65
-31
-7
-71
-38
-83
-62
0
-62
-25
-89
-21
-50
-87
-49
-14
-23
-29
-22
-66
-72
-85
-34
-95
-12
-32
-87
-22
-36
-63
-1
-92
-21
-67
-88
-89
-66
-20
-71
-4
-5
-59

@stream
STREAM_INPUT
IN.S
2
1
1
0
-1
1
1
1
-1
-1
1
1
0
-1
0
0
1
0
-1
0
1
-1
0
-1
-1
0
0
0
-1
1
-1
0
-1
0
-1
-1
0
-1
1
0
1
1
-1
0
0
0
-1
0
0
-1
1
0
1
1
1
1
1
1
0
0
1
-1
0
1
1
0
-1
1
-1
-1
1
1
-1
0
1
0
-1
0
0
0
0
0
-1
-1
-1
0
-1
1
-1
-1
0
-1
-1
1
-1
-1
-1
-1
1
1
-1

@stream
STREAM_INPUT
IN.B
3
12
88
37
82
8
52
9
95
84
12
64
68
33
17
92
60
17
80
65
2
25
70
96
47
24
57
66
19
43
85
78
48
6
94
56
74
41
79
28
93
29
1
94
81
41
69
44
50
8
77
14
84
84
62
33
2
46
63
76
68
48
96
11
3
64
31
97
24
27
90
68
58
51
41
81
96
56
73
32
4
30
94
82
56
12
12
34
7
37
21
2
68
60
79
91
81
34
82
70
3

@stream
STREAM_OUTPUT
OUT
2
12
88
26
-41
8
52
9
-30
-5
12
64
49
-75
-23
-5
60
-28
-68
39
2
-69
45
-41
-72
-52
-25
-32
-91
43
-84
43
-21
-66
-39
-68
-15
-4
79
-30
93
29
-22
13
24
-11
-83
-48
4
-77
77
-53
84
84
62
33
2
46
33
11
68
-7
25
11
3
2
0
97
-25
-89
90
68
-87
2
41
58
-29
34
7
-40
-81
-4
-95
-12
-32
-75
-22
34
-63
-1
-71
-21
-67
60
-89
-66
-20
-71
82
70
-59

@layout
TILE_COMPUTE
TILE_COMPUTE
TILE_COMPUTE
TILE_COMPUTE
TILE_COMPUTE
TILE_COMPUTE
TILE_COMPUTE
TILE_COMPUTE
TILE_DAMAGED
TILE_COMPUTE
TILE_COMPUTE
TILE_COMPUTE

