@name
SEQUENCE GENERATOR

@description
SEQUENCE ARE ZERO-TERMINATED
READ VALUES FROM IN.A AND IN.B
WRITE THE LESSER VALUE TO OUT
WRITE THE GREATER VALUE TO OUT
WRITE 0 TO END THE SEQUENCE

@stream
STREAM_INPUT
IN.A
1
48
94
17
43
67
73
34
48
27
88
45
25
95
5
5
26
43
77
44
6
88
28
60
98
54
32
56
90
1
76
17
20
15
76
33
85
37
83
99
78
40
13
66
56
73
64
18
55
37
36
22
70
3
81
12
9
62
20
52
29
3
19
96
71
36
92
34
51
10
65
2
54
54
30
81
70
79
0
24
93
64
8
22
14
27
37
40
11
38
90
8
51
62
71
48
66
12
23
32
81

@stream
STREAM_INPUT
IN.B
2
21
50
13
75
57
18
52
29
72
98
6
44
59
35
43
21
1
40
30
93
62
44
71
57
47
30
95
66
44
31
61
5
81
8
51
21
71
63
37
60
60
98
5
49
6
6
69
29
57
90
35
78
60
85
37
99
15
48
64
13
94
32
66
29
15
13
56
35
8
58
1
93
31
9
25
91
27
66
36
36
13
30
25
73
18
66
48
17
96
10
6
8
32
3
45
83
82
82
56
9

@stream
STREAM_OUTPUT
OUT
2
21
48
0
50
94
0
13
17
0
43
75
0
57
67
0
18
73
0
34
52
0
29
48
0
27
72
0
88
98
0
6
45
0
25
44
0
59
95
0
5
35
0
5
43
0
21
26
0
1
43
0
40
77
0
30
44
0
6
93
0
62
88
0
28
44
0
60
71
0
57
98
0
47
54
0
30
32
0
56
95
0
66
90
0
1
44
0
31
76
0
17
61
0
5
20
0
15
81
0
8
76
0
33
51
0
21
85
0
37
71
0
63
83
0
37
99
0
60
78
0
40
60
0
13
98
0
5
66
0
49
56
0
6
73
0
6
64
0
18
69
0
29
55
0
37
57
0
36
90
0
22
35
0
70
78
0
3
60
0
81
85
0
12
37
0
9
99
0
15
62
0
20
48
0
52
64
0
13
29
0
3
94
0
19
32
0
66
96
0
29
71
0
15
36
0
13
92
0
34
56
0
35
51
0
8
10
0
58
65
0
1
2
0
54
93
0
31
54
0
9
30
0
25
81
0
70
91
0
27
79
0
0
66
0
24
36
0
36
93
0
13
64
0
8
30
0
22
25
0
14
73
0
18
27
0
37
66
0
40
48
0
11
17
0
38
96
0
10
90
0
6
8
0
8
51
0
32
62
0
3
71
0
45
48
0
66
83
0
12
82
0
23
82
0
32
56
0
9
81
0

@layout
TILE_COMPUTE
TILE_COMPUTE
TILE_COMPUTE
TILE_COMPUTE
TILE_COMPUTE
TILE_COMPUTE
TILE_COMPUTE
TILE_COMPUTE
TILE_COMPUTE
TILE_DAMAGED
TILE_COMPUTE
TILE_COMPUTE

